map_load_time: 
  secs: 0
  nsecs:         0
resolution: 0.05000000074505806
width: 40
height: 40
origin: 
  position: 
    x: -0.85
    y: -1.05
    z: 0.0
  orientation: 
    x: 0.0
    y: 0.0
    z: 0.0
    w: 1.0
[ 0  0  0  0  2  4  6  9 16 25 41 68 99 99 99 99 99 99 99 99 99 99 99 99
 99 99 99 99 99 99 99 99 88 57 36 23 14  9  5  3]
[  0   0   0   0   3   5   7  12  19  29  44  72  99  99  99 100 100 100
 100 100 100 100 100 100 100 100 100 100 100  99  99  99  99  68  41  25
  16   9   6   4]
[  0   0   0   0   3   5   9  14  23  36  57  88  99  99  99 100 100 100
 100 100 100 100 100 100 100 100 100 100 100 100  99  99  99  72  44  26
  16  10   6   4]
[ 0  0  0  0  4  6  9 16 25 41 68 99 99 99 99 99 99 99 99 99 99 99 99 99
 99 99 99 99 99 99 99 99 99 68 41 25 16  9  6  4]
[  0   0   0   2   4   6  10  16  26  44  72  99  99  99 100 100  99  99
  99  99  99  99  99  99  99  99  99  99  99  99  99  99  88  57  36  23
  14   9   5   3]
[  0   0   0   0   4   6   9  16  25  41  68  99  99  99  99 100  99  99
  99  99  99  99  99  99  99  99  99  99  99  99  99  88  64  44  29  19
  12   7   5   3]
[  0   0   0   2   4   6  10  16  26  44  72  99  99  99 100 100  99  99
  99  72  72  72  72  72  72  72  72  72  72  72  68  57  44  31  22  14
   9   6   4   2]
[  0   0   0   2   4   6  10  16  26  44  72  99  99  99 100 100  99  99
  99  72  44  44  44  44  44  44  44  44  44  44  41  36  29  22  16  11
   7   5   3   0]
[ 0  0  0  0  4  6  9 16 25 41 68 99 99 99 99 99 99 99 99 68 41 26 26 26
 26 26 26 26 26 26 25 23 19 14 11  7  5  4  2  0]
[  0   0   0   2   4   6  10  16  26  44  72  99  99  99 100 100  99  99
  99  72  44  26  16  16  16  16  16  16  16  16  16  14  12   9   7   5
   4   2   0   0]
[  0   0   0   3   5   7  12  19  29  44  72  99  99  99 100  99  99  99
  99  68  41  25  16  10  10  10  10  10  10  10   9   9   7   6   5   4
   2   0   0   0]
[  0   0   0   3   5   9  14  23  36  57  88  99  99  99  99 100  99  99
  99  72  44  26  16  12  14  16  16  16  16  16  14  12   9   7   5   4
   2   0   0   0]
[  0   0   0   4   6   9  16  25  41  68  99  99  99  99 100 100  99  99
  99  72  44  26  16  19  23  25  26  26  26  25  23  19  14  11   7   5
   4   2   0   0]
[  0   0   2   4   6  10  16  26  44  72  99  99  99 100 100 100  99  99
  99  72  44  26  22  29  36  41  44  44  44  41  36  29  22  16  11   7
   5   3   0   0]
[  0   0   2   4   6  10  16  26  44  72  99  99  99 100 100  99  99  99
  99  68  41  25  31  44  57  68  72  72  72  68  57  44  31  22  14   9
   6   4   2   0]
[ 0  0  0  4  6  9 16 25 41 68 99 99 99 99 99 99 99 99 88 57 36 29 44 64
 88 99 99 99 99 99 88 64 44 29 19 12  7  5  3  0]
[ 0  0  0  3  5  9 14 23 36 57 88 99 99 99 99 99 99 88 64 44 29 36 57 88
 99 99 99 99 99 99 99 88 57 36 23 14  9  5  3  0]
[ 0  0  0  3  5  7 12 19 29 44 64 88 99 99 99 99 88 64 44 31 25 41 68 99
 99 99 99 99 99 99 99 99 68 41 25 16  9  6  4  0]
[  0   0   0   2   4   6   9  14  22  31  44  57  68  72  72  68  57  44
  31  22  26  44  72  99  99  99 100 100 100  99  99  99  72  44  26  16
  10   6   4   2]
[  0   0   0   0   3   5   7  11  16  22  29  36  41  44  44  41  36  29
  22  16  26  44  72  99  99  99 100 100 100  99  99  99  72  44  26  16
  10   6   4   2]
[  0   0   0   0   2   4   5   7  11  14  19  23  25  26  26  25  23  19
  14  16  26  44  72  99  99  99 100 100 100  99  99  99  72  44  26  16
  10   6   4   2]
[  0   0   0   0   0   2   4   5   7   9  12  14  16  16  16  16  14  12
  10  16  26  44  72  99  99  99 100 100 100  99  99  99  72  44  26  16
  10   6   4   2]
[  0   0   0   0   0   2   3   4   5   6   7   9   9  10  10   9   9   7
  10  16  26  44  72  99  99  99 100 100 100  99  99  99  72  44  26  16
  10   6   4   2]
[  0   0   0   0   2   4   5   6   7   9   9  10  10  10  10  10  10  10
  10  16  26  44  72  99  99  99 100 100 100  99  99  99  72  44  26  16
  10   6   4   2]
[  0   0   0   2   4   5   7   9  12  14  16  16  16  16  16  16  16  16
  16  16  26  44  72  99  99  99 100 100 100  99  99  99  72  44  26  16
  10   6   4   2]
[  0   0   2   4   5   7  11  14  19  23  25  26  26  26  26  26  26  26
  26  26  26  44  72  99  99  99 100 100 100  99  99  99  72  44  26  16
  10   6   4   2]
[  0   0   3   5   7  11  16  22  29  36  41  44  44  44  44  44  44  44
  44  44  44  44  72  99  99  99 100 100 100  99  99  99  72  44  26  16
  10   6   4   2]
[  0   2   4   6   9  14  22  31  44  57  68  72  72  72  72  72  72  72
  72  72  72  72  72  99  99  99 100 100 100  99  99  99  72  44  26  16
  10   6   4   2]
[  0   3   5   7  12  19  29  44  64  88  99  99  99  99  99  99  99  99
  99  99  99  99  99  99  99  99 100 100 100  99  99  99  72  44  26  16
  10   6   4   2]
[  0   3   5   9  14  23  36  57  88  99  99  99  99  99  99  99  99  99
  99  99  99  99  99  99  99  99 100 100 100  99  99  99  72  44  26  16
  10   6   4   2]
[  0   4   6   9  16  25  41  68  99  99  99  99  99  99  99  99  99  99
  99  99  99  99  99  99  99  99 100 100 100  99  99  99  72  44  26  16
  10   6   4   2]
[  2   4   6  10  16  26  44  72  99  99  99 100 100 100 100 100 100 100
 100 100 100 100 100 100 100 100 100 100 100  99  99  99  72  44  26  16
  10   6   4   2]
[  0   4   6   9  16  25  41  68  99  99  99  99  99 100 100 100 100 100
 100 100 100 100 100 100 100 100 100  99  99  99  99  99  68  41  25  16
   9   6   4   0]
[ 0  3  5  9 14 23 36 57 88 99 99 99 99 99 99 99 99 99 99 99 99 99 99 99
 99 99 99 99 99 99 99 88 57 36 23 14  9  5  3  0]
[ 0  3  5  7 12 19 29 44 64 88 99 99 99 99 99 99 99 99 99 99 99 99 99 99
 99 99 99 99 99 99 88 64 44 29 19 12  7  5  3  0]
[ 0  2  4  6  9 14 22 31 44 57 68 88 99 99 99 99 99 99 99 99 99 99 99 99
 99 99 99 99 88 68 57 44 31 22 14  9  6  4  2  0]
[ 0  0  3  5  7 11 16 22 29 36 44 57 68 72 72 72 72 72 72 72 72 72 72 72
 72 72 72 68 57 44 36 29 22 16 11  7  5  3  0  0]
[ 0  0  2  4  5  7 11 14 19 23 29 36 41 44 44 44 44 44 44 44 44 44 44 44
 44 44 44 41 36 29 23 19 14 11  7  5  4  2  0  0]
[ 0  0  0  2  4  5  7  9 12 14 19 23 25 26 26 26 26 26 26 26 26 26 26 26
 26 26 26 25 23 19 14 12  9  7  5  4  2  0  0  0]
[ 0  0  0  0  2  4  5  6  7  9 12 14 16 16 16 16 16 16 16 16 16 16 16 16
 16 16 16 16 14 12  9  7  6  5  4  2  0  0  0  0]
